[(0, 0, 0, 0), 0]
[(0, 0, 0, 0), 0]
[(0, 0, 0, 0), 0]
[(0, 0, 0, 0), 0]
[(0, 0, 1, 0), 0]
[(1, 2, 1, 1), 1]
[(0, 1, 2, 2), 2]
[(0, 2, 0, 2), 3]
[(1, 1, 1, 2), 2]
[(1, 1, 0, 2), 3]
[(1, 0, 1, 2), 2]
[(1, 1, 3, 2), 2]
[(1, 2, 2, 2), 2]
[(1, 2, 0, 1), 1]
[(0, 1, 1, 2), 2]
[(3, 1, 0, 1), 1]
[(1, 1, 0, 2), 3]
[(1, 0, 0, 1), 0]
[(0, 0, 1, 2), 2]
[(1, 0, 1, 2), 2]
[(1, 0, 1, 2), 2]
[(1, 1, 1, 2), 2]
[(1, 1, 1, 2), 2]
[(2, 2, 1, 2), 1]
[(0, 2, 2, 3), 2]
[(0, 3, 1, 3), 3]
[(0, 2, 2, 3), 2]
[(0, 5, 0, 3), 3]
[(1, 4, 0, 3), 3]
[(1, 4, 0, 2), 3]
[(1, 3, 1, 2), 3]
[(2, 3, 1, 2), 1]
[(1, 3, 1, 3), 3]
[(1, 2, 1, 3), 3]
[(1, 2, 2, 2), 2]
[(2, 3, 1, 2), 1]
[(1, 3, 2, 2), 2]
[(1, 4, 1, 1), 1]
[(1, 9, 2, 1), 1]
[(0, 9, 3, 1), 3]
[(0, 9, 4, 0), 1]
[(1, 9, 5, 0), 0]
[(0, 9, 3, 0), 1]
[(0, 9, 3, 0), 1]
[(0, 9, 4, 2), 3]
[(0, 11, 6, 1), 2]
[(1, 12, 5, 0), 1]
[(0, 17, 6, 1), 3]
[(1, 16, 7, 0), 1]
[(0, 20, 8, 0), 1]
[(0, 20, 9, 1), 3]
[(0, 20, 10, 0), 1]
[(0, 20, 11, 0), 0]
[(0, 21, 9, 0), 1]
[(1, 21, 9, 0), 1]
[(1, 21, 9, 1), 1]
[(1, 21, 9, 2), 3]
[(2, 21, 9, 1), 1]
[(0, 21, 10, 2), 3]
[(0, 21, 10, 1), 3]
[(0, 21, 10, 4), 3]
[(0, 24, 11, 4), 3]
[(0, 24, 12, 4), 3]
[(0, 24, 12, 4), 3]
[(1, 24, 12, 8), 3]
[(2, 27, 12, 13), 3]
[(2, 26, 12, 13), 3]
[(3, 26, 13, 13), 3]
[(3, 26, 13, 13), 3]
[(3, 26, 14, 13), 2]
[(3, 27, 12, 12), 3]
[(3, 27, 12, 11), 3]
[(4, 27, 12, 10), 3]
[(5, 27, 12, 9), 1]
[(3, 26, 12, 10), 3]
[(3, 26, 12, 9), 3]
[(4, 26, 12, 8), 3]
[(4, 26, 13, 7), 1]
[(2, 26, 13, 7), 3]
[(2, 26, 14, 6), 2]
[(2, 27, 12, 5), 3]
[(3, 27, 12, 4), 1]
[(2, 27, 12, 5), 3]
[(2, 27, 12, 4), 3]
[(2, 27, 12, 3), 1]
[(1, 27, 12, 4), 3]
[(1, 26, 12, 3), 3]
[(1, 26, 13, 2), 3]
[(2, 25, 13, 2), 0]
[(1, 25, 11, 2), 3]
[(2, 25, 11, 1), 1]
[(1, 24, 11, 2), 3]
[(2, 23, 11, 1), 1]
[(1, 23, 11, 1), 1]
[(1, 23, 11, 1), 1]
[(1, 22, 12, 1), 0]
[(1, 22, 11, 1), 1]
[(1, 21, 12, 1), 0]
[(1, 21, 10, 1), 1]
[(1, 20, 10, 2), 3]
[(2, 19, 10, 1), 0]
[(1, 19, 8, 1), 1]
[(1, 18, 8, 2), 3]
[(2, 17, 8, 1), 1]
[(1, 16, 9, 2), 2]
[(2, 16, 7, 1), 1]
[(1, 15, 8, 2), 2]
[(2, 20, 7, 2), 1]
[(1, 20, 7, 2), 3]
[(2, 19, 8, 1), 1]
[(1, 19, 8, 2), 3]
[(2, 18, 8, 2), 1]
[(1, 17, 9, 2), 2]
[(2, 17, 7, 1), 1]
[(1, 16, 8, 2), 3]
[(2, 15, 8, 2), 0]
[(1, 15, 6, 2), 3]
[(2, 14, 7, 2), 1]
[(0, 13, 8, 2), 2]
[(1, 13, 6, 2), 3]
[(2, 12, 6, 1), 1]
[(1, 11, 6, 2), 2]
[(2, 11, 5, 2), 1]
[(1, 10, 6, 3), 2]
[(2, 11, 5, 2), 1]
[(4, 10, 6, 2), 0]
[(3, 11, 5, 3), 1]
[(2, 10, 6, 4), 2]
[(3, 11, 4, 3), 1]
[(1, 10, 4, 3), 3]
[(2, 10, 4, 3), 1]
[(0, 9, 4, 4), 3]
[(0, 8, 4, 4), 3]
[(1, 7, 4, 3), 2]
[(1, 8, 3, 2), 3]
[(2, 8, 3, 2), 1]
[(1, 7, 3, 4), 3]
[(2, 6, 3, 4), 3]
[(3, 9, 3, 4), 1]
[(1, 9, 3, 8), 3]
[(2, 9, 4, 8), 3]
[(5, 8, 5, 8), 0]
[(4, 9, 3, 9), 3]
[(5, 8, 3, 9), 1]
[(4, 8, 3, 10), 3]
[(5, 7, 3, 10), 3]
[(5, 7, 4, 14), 2]
[(6, 8, 2, 14), 3]
[(7, 7, 2, 13), 1]
[(6, 7, 2, 13), 3]
[(7, 7, 2, 12), 1]
[(6, 7, 2, 12), 3]
[(7, 7, 2, 11), 1]
[(6, 6, 2, 11), 1]
[(5, 5, 2, 11), 3]
[(6, 5, 2, 10), 1]
[(5, 4, 2, 10), 3]
[(6, 3, 2, 9), 0]
[(5, 4, 0, 9), 1]
[(4, 4, 0, 9), 3]
[(5, 4, 0, 9), 1]
[(4, 3, 0, 9), 3]
[(5, 2, 0, 9), 1]
[(3, 6, 0, 10), 3]
[(9, 5, 1, 9), 1]
[(8, 5, 1, 9), 1]
[(7, 4, 1, 9), 1]
[(6, 3, 1, 9), 1]
[(5, 2, 1, 9), 1]
[(3, 1, 2, 9), 2]
[(4, 1, 1, 8), 2]
[(5, 1, 1, 7), 0]
[(9, 6, 0, 8), 1]
[(8, 6, 1, 8), 1]
[(6, 5, 1, 8), 1]
[(5, 4, 2, 8), 1]
[(4, 3, 3, 8), 2]
[(5, 4, 2, 7), 1]
[(4, 3, 3, 7), 0]
[(3, 3, 2, 7), 2]
[(4, 3, 1, 6), 1]
[(3, 2, 2, 6), 2]
[(4, 3, 1, 5), 1]
[(2, 3, 2, 5), 2]
[(2, 4, 1, 4), 3]
[(3, 3, 2, 3), 0]
[(1, 3, 1, 3), 3]
[(1, 2, 2, 2), 2]
[(2, 2, 1, 1), 1]
[(1, 1, 6, 1), 0]
[(0, 1, 5, 1), 2]
[(0, 1, 4, 0), 0]
[(1, 1, 2, 0), 0]
[(0, 2, 1, 0), 1]
[(0, 2, 2, 1), 2]
[(1, 3, 0, 0), 1]
[(0, 2, 0, 0), 1]
[(0, 2, 0, 0), 1]
[(0, 1, 0, 0), 1]
[(0, 0, 1, 0), 0]
[(3, 0, 0, 0), 0]
[(2, 0, 1, 0), 0]
[(0, 0, 1, 1), 2]
[(1, 0, 0, 2), 2]
[(2, 0, 0, 2), 0]
[(1, 0, 0, 3), 2]
[(2, 0, 1, 2), 0]
[(1, 0, 1, 2), 2]
[(2, 0, 0, 2), 0]
[(1, 1, 0, 2), 3]
[(2, 0, 0, 1), 0]
[(0, 1, 1, 1), 2]
[(1, 1, 0, 0), 1]
[(1, 0, 1, 0), 0]
[(1, 4, 0, 0), 1]
[(1, 4, 0, 1), 1]
[(1, 3, 0, 7), 3]
[(2, 2, 2, 6), 2]
[(3, 3, 0, 5), 1]
[(2, 3, 0, 5), 3]
[(2, 3, 0, 4), 3]
[(2, 2, 0, 3), 1]
[(0, 2, 0, 3), 3]
[(0, 2, 1, 3), 3]
[(0, 2, 1, 2), 3]
[(0, 1, 1, 1), 2]
[(0, 2, 0, 4), 3]
[(0, 2, 0, 4), 3]
[(0, 2, 1, 4), 3]
[(0, 2, 2, 4), 2]
[(1, 3, 1, 4), 3]
[(2, 2, 2, 4), 2]
[(2, 3, 0, 4), 3]
[(3, 3, 0, 4), 1]
[(2, 2, 6, 4), 2]
[(3, 3, 5, 4), 0]
[(1, 3, 3, 5), 2]
[(2, 4, 1, 4), 3]
[(3, 3, 2, 4), 0]
[(1, 9, 0, 10), 3]
[(2, 8, 1, 10), 3]
[(3, 7, 2, 10), 3]
[(4, 7, 3, 10), 3]
[(4, 7, 3, 10), 3]
[(5, 6, 3, 10), 3]
[(5, 6, 4, 10), 2]
[(6, 7, 2, 10), 1]
[(4, 7, 3, 11), 3]
[(5, 7, 4, 15), 2]
[(6, 8, 2, 14), 3]
[(7, 8, 3, 14), 3]
[(8, 7, 4, 14), 0]
[(7, 8, 5, 15), 2]
[(7, 8, 4, 15), 3]
[(7, 12, 5, 17), 3]
[(7, 12, 5, 17), 3]
[(7, 11, 5, 17), 3]
[(7, 11, 5, 17), 3]
[(8, 11, 5, 17), 3]
[(9, 11, 5, 16), 1]
[(8, 11, 5, 17), 3]
[(11, 10, 5, 20), 1]
[(9, 9, 5, 21), 2]
[(10, 10, 3, 21), 3]
[(11, 9, 4, 21), 1]
[(10, 8, 4, 22), 3]
[(11, 7, 5, 22), 2]
[(11, 7, 3, 22), 3]
[(12, 6, 4, 21), 0]
[(11, 6, 3, 21), 1]
[(10, 5, 4, 22), 2]
[(10, 5, 4, 22), 2]
[(10, 5, 3, 22), 2]
[(11, 5, 2, 21), 1]
[(11, 4, 3, 21), 0]
[(10, 4, 5, 22), 2]
[(14, 4, 5, 22), 0]
[(12, 4, 4, 22), 0]
[(10, 4, 2, 22), 3]
[(11, 4, 3, 21), 0]
[(10, 5, 2, 21), 3]
[(10, 5, 3, 24), 2]
[(10, 6, 2, 26), 3]
[(10, 6, 3, 25), 3]
[(11, 6, 4, 24), 2]
[(12, 6, 3, 23), 1]
[(10, 6, 4, 23), 2]
[(11, 7, 3, 27), 3]
[(12, 7, 4, 27), 2]
[(13, 7, 3, 27), 3]
[(13, 7, 3, 27), 3]
[(14, 12, 3, 27), 1]
[(12, 12, 4, 28), 3]
[(13, 12, 5, 28), 3]
[(14, 11, 5, 27), 1]
[(17, 11, 6, 28), 0]
[(16, 11, 4, 29), 1]
[(15, 10, 5, 29), 1]
[(14, 9, 10, 29), 2]
[(15, 9, 8, 30), 2]
[(15, 10, 7, 29), 0]
[(13, 11, 6, 30), 2]
[(15, 12, 5, 30), 3]
[(15, 12, 6, 30), 3]
[(16, 11, 7, 29), 0]
[(14, 12, 6, 29), 3]
[(19, 11, 6, 28), 0]
[(17, 11, 4, 28), 1]
[(15, 10, 4, 28), 1]
[(13, 9, 4, 28), 3]
[(13, 8, 5, 27), 2]
[(13, 8, 4, 26), 3]
[(13, 7, 4, 25), 0]
[(11, 7, 2, 26), 3]
[(11, 6, 2, 26), 3]
[(11, 5, 3, 26), 2]
[(12, 6, 2, 25), 3]
[(13, 5, 2, 25), 1]
[(12, 5, 2, 26), 3]
[(12, 4, 2, 26), 3]
[(13, 3, 2, 25), 0]
[(12, 3, 1, 26), 3]
[(13, 2, 2, 26), 2]
[(14, 3, 1, 26), 1]
[(13, 3, 1, 27), 3]
[(14, 3, 1, 27), 1]
[(13, 3, 2, 27), 2]
[(18, 4, 0, 26), 1]
[(17, 6, 1, 26), 1]
[(16, 5, 1, 26), 1]
[(14, 5, 2, 26), 1]
[(12, 5, 3, 26), 2]
[(13, 6, 1, 26), 3]
[(14, 6, 2, 25), 1]
[(13, 6, 3, 25), 1]
[(12, 6, 4, 25), 2]
[(12, 7, 3, 24), 3]
[(13, 7, 3, 23), 1]
[(12, 6, 4, 24), 2]
[(13, 6, 2, 23), 1]
[(12, 6, 3, 23), 1]
[(11, 6, 3, 24), 3]
[(12, 6, 4, 23), 0]
[(11, 7, 3, 23), 3]
[(12, 7, 4, 22), 0]
[(13, 8, 2, 22), 1]
[(12, 8, 2, 22), 1]
[(10, 8, 3, 22), 3]
[(10, 8, 3, 21), 3]
[(11, 7, 3, 21), 1]
[(9, 7, 6, 22), 2]
[(10, 8, 4, 21), 3]
[(11, 8, 5, 20), 0]
[(9, 9, 3, 21), 3]
[(10, 9, 4, 21), 3]
[(11, 9, 8, 21), 0]
[(9, 10, 7, 21), 2]
[(10, 11, 5, 20), 3]
[(11, 10, 5, 19), 1]
[(9, 9, 6, 19), 2]
[(10, 9, 4, 18), 1]
[(9, 8, 4, 18), 3]
[(10, 8, 5, 17), 0]
[(8, 8, 4, 20), 3]
[(8, 8, 5, 23), 2]
[(8, 9, 3, 22), 3]
[(9, 9, 4, 21), 3]
[(10, 9, 4, 20), 3]
[(11, 8, 7, 20), 0]
[(10, 9, 6, 21), 2]
[(10, 10, 5, 20), 3]
[(11, 10, 5, 19), 1]
[(10, 10, 5, 20), 3]
[(10, 13, 5, 19), 1]
[(9, 13, 6, 19), 3]
[(10, 13, 7, 18), 0]
[(8, 14, 6, 18), 3]
[(8, 14, 7, 17), 3]
[(8, 14, 7, 16), 3]
[(8, 14, 7, 15), 1]
[(6, 13, 8, 18), 2]
[(6, 14, 6, 17), 3]
[(7, 13, 6, 17), 3]
[(7, 13, 6, 16), 3]
[(7, 13, 6, 15), 3]
[(7, 13, 6, 14), 3]
[(8, 13, 6, 13), 1]
[(7, 13, 7, 17), 2]
[(8, 14, 5, 17), 3]
[(9, 14, 5, 17), 1]
[(8, 14, 6, 18), 3]
[(8, 14, 6, 18), 3]
[(8, 14, 7, 18), 3]
[(9, 18, 7, 18), 3]
[(10, 18, 8, 18), 1]
[(9, 18, 9, 19), 3]
[(10, 18, 10, 19), 0]
[(9, 19, 8, 20), 3]
[(9, 19, 8, 20), 3]
[(10, 18, 9, 20), 3]
[(11, 17, 10, 20), 0]
[(10, 18, 9, 21), 3]
[(10, 18, 10, 21), 2]
[(11, 19, 8, 21), 1]
[(10, 19, 8, 22), 3]
[(13, 19, 8, 22), 1]
[(12, 19, 9, 23), 1]
[(10, 19, 10, 23), 2]
[(11, 20, 9, 23), 3]
[(12, 20, 9, 23), 1]
[(10, 23, 9, 23), 3]
[(10, 22, 10, 22), 3]
[(10, 22, 11, 21), 3]
[(10, 24, 11, 20), 3]
[(10, 24, 15, 19), 0]
[(8, 25, 14, 23), 2]
[(9, 26, 13, 22), 3]
[(9, 26, 13, 21), 3]
[(10, 26, 13, 20), 3]
[(11, 25, 16, 19), 0]
[(10, 25, 14, 19), 0]
[(11, 26, 13, 19), 1]
[(9, 26, 13, 20), 3]
[(10, 26, 14, 20), 2]
[(10, 26, 13, 19), 1]
[(8, 26, 14, 19), 2]
[(8, 26, 12, 18), 3]
[(8, 25, 13, 18), 2]
[(8, 26, 11, 17), 3]
[(8, 25, 12, 20), 3]
[(12, 24, 13, 20), 0]
[(10, 26, 11, 20), 3]
[(10, 25, 11, 19), 1]
[(8, 24, 11, 19), 3]
[(9, 23, 11, 18), 3]
[(10, 22, 12, 18), 0]
[(8, 22, 11, 19), 3]
[(9, 21, 12, 18), 2]
[(9, 21, 11, 17), 0]
[(7, 21, 10, 17), 3]
[(8, 20, 11, 16), 2]
[(8, 20, 10, 15), 1]
[(6, 19, 11, 15), 2]
[(6, 19, 10, 14), 2]
[(7, 19, 9, 14), 3]
[(8, 18, 9, 13), 1]
[(6, 19, 10, 13), 2]
[(6, 19, 9, 12), 3]
[(6, 18, 13, 12), 2]
[(6, 18, 12, 12), 2]
[(6, 19, 11, 11), 0]
[(4, 19, 15, 17), 2]
[(4, 19, 14, 16), 2]
[(4, 20, 13, 15), 2]
[(4, 20, 12, 14), 2]
[(4, 20, 10, 13), 3]
[(6, 19, 11, 12), 2]
[(7, 19, 10, 12), 0]
[(6, 19, 9, 12), 3]
[(7, 18, 9, 16), 3]
[(7, 17, 15, 15), 2]
[(7, 17, 14, 14), 2]
[(8, 17, 13, 13), 0]
[(7, 17, 11, 19), 2]
[(9, 17, 9, 19), 2]
[(10, 17, 8, 19), 1]
[(9, 17, 9, 20), 2]
[(10, 18, 8, 25), 3]
[(11, 18, 8, 25), 3]
[(12, 18, 8, 24), 3]
[(13, 18, 8, 24), 1]
[(12, 18, 8, 25), 3]
[(13, 18, 8, 25), 1]
[(12, 18, 8, 26), 3]
[(13, 18, 8, 26), 3]
[(14, 18, 8, 26), 1]
[(13, 17, 8, 26), 3]
[(14, 17, 9, 26), 0]
[(15, 17, 7, 27), 1]
[(13, 17, 7, 27), 3]
[(13, 17, 7, 27), 3]
[(14, 16, 7, 27), 1]
[(13, 19, 7, 28), 3]
[(13, 18, 7, 28), 3]
[(13, 17, 7, 30), 3]
[(13, 16, 7, 29), 3]
[(13, 15, 7, 29), 3]
[(14, 14, 7, 29), 3]
[(14, 14, 8, 29), 2]
[(15, 14, 6, 29), 1]
[(14, 13, 6, 30), 3]
[(18, 13, 6, 29), 1]
[(16, 12, 6, 29), 1]
[(14, 11, 6, 29), 2]
[(14, 12, 5, 28), 3]
[(15, 11, 5, 28), 1]
[(13, 11, 5, 28), 3]
[(13, 11, 6, 27), 2]
[(19, 12, 4, 27), 1]
[(17, 11, 5, 27), 1]
[(15, 10, 6, 28), 0]
[(14, 11, 5, 28), 3]
[(15, 11, 6, 28), 0]
[(14, 12, 4, 29), 3]
[(15, 12, 5, 29), 1]
[(14, 12, 5, 29), 3]
[(15, 12, 5, 29), 1]
[(14, 12, 6, 30), 3]
[(15, 12, 7, 30), 2]
[(16, 12, 6, 30), 1]
[(15, 11, 9, 30), 2]
[(15, 11, 7, 29), 0]
[(14, 11, 5, 30), 3]
[(15, 10, 6, 29), 0]
[(16, 11, 6, 30), 0]
[(15, 11, 6, 30), 2]
[(16, 11, 5, 29), 1]
[(14, 10, 6, 30), 2]
[(15, 10, 5, 30), 3]
[(16, 9, 6, 30), 0]
[(15, 10, 5, 30), 3]
[(16, 9, 6, 30), 0]
[(15, 10, 5, 30), 3]
[(16, 9, 6, 30), 0]
[(15, 9, 4, 30), 3]
[(15, 9, 5, 30), 2]
[(15, 10, 4, 30), 3]
[(15, 9, 5, 30), 2]
[(16, 9, 3, 29), 1]
[(14, 8, 4, 29), 3]
[(14, 7, 5, 29), 2]
[(14, 7, 3, 29), 3]
[(14, 10, 4, 28), 3]
[(14, 10, 5, 28), 3]
[(14, 10, 6, 27), 0]
[(12, 10, 7, 28), 2]
[(12, 11, 5, 28), 3]
[(13, 11, 6, 28), 2]
[(13, 12, 5, 27), 3]
[(14, 12, 6, 26), 1]
[(12, 12, 7, 27), 2]
[(12, 13, 5, 26), 3]
[(12, 13, 5, 25), 3]
[(12, 12, 5, 24), 3]
[(12, 11, 5, 23), 1]
[(10, 10, 6, 27), 2]
[(10, 10, 4, 26), 3]
[(10, 9, 5, 25), 2]
[(10, 10, 3, 24), 3]
[(10, 9, 3, 23), 3]
[(10, 8, 4, 26), 3]
[(10, 7, 4, 25), 2]
[(11, 8, 2, 24), 3]
[(11, 8, 3, 23), 3]
[(11, 7, 5, 22), 2]
[(11, 8, 3, 21), 1]
[(9, 8, 3, 21), 3]
[(9, 7, 3, 20), 3]
[(9, 7, 3, 20), 3]
[(9, 7, 3, 19), 3]
[(10, 7, 3, 18), 1]
[(8, 7, 3, 19), 3]
[(8, 6, 3, 19), 3]
[(9, 8, 3, 19), 3]
[(10, 7, 4, 18), 0]
[(8, 8, 2, 18), 3]
[(8, 8, 2, 17), 3]
[(8, 8, 3, 17), 3]
[(9, 8, 3, 17), 1]
[(7, 8, 4, 17), 3]
[(7, 8, 5, 16), 2]
[(7, 8, 6, 17), 2]
[(7, 9, 4, 17), 3]
[(7, 8, 4, 17), 3]
[(8, 11, 9, 16), 2]
[(8, 12, 8, 16), 2]
[(9, 13, 7, 16), 0]
[(8, 14, 6, 16), 3]
[(8, 14, 7, 15), 1]
[(7, 14, 8, 16), 2]
[(8, 15, 6, 16), 3]
[(8, 15, 6, 16), 3]
[(9, 15, 7, 16), 1]
[(8, 15, 7, 17), 3]
[(8, 17, 8, 16), 3]
[(9, 16, 9, 15), 0]
[(7, 16, 7, 15), 3]
[(8, 16, 10, 14), 0]
[(7, 16, 8, 14), 3]
[(7, 15, 8, 13), 0]
[(6, 15, 6, 14), 3]
[(6, 14, 6, 14), 3]
[(7, 13, 6, 13), 1]
[(6, 12, 6, 13), 3]
[(7, 11, 6, 12), 0]
[(6, 11, 4, 12), 3]
[(6, 10, 4, 11), 1]
[(5, 9, 5, 11), 2]
[(6, 9, 4, 10), 1]
[(5, 8, 4, 10), 3]
[(6, 8, 5, 9), 0]
[(5, 8, 3, 9), 1]
[(4, 7, 3, 9), 3]
[(5, 6, 4, 9), 0]
[(4, 7, 3, 9), 3]
[(5, 7, 4, 9), 0]
[(9, 7, 3, 10), 1]
[(8, 6, 4, 11), 0]
[(7, 7, 3, 11), 1]
[(6, 6, 4, 13), 2]
[(6, 6, 3, 13), 3]
[(6, 10, 4, 13), 3]
[(6, 10, 5, 13), 3]
[(6, 9, 11, 14), 2]
[(6, 9, 10, 14), 2]
[(6, 10, 9, 14), 2]
[(6, 11, 8, 13), 2]
[(6, 12, 7, 13), 2]
[(6, 13, 6, 13), 3]
[(6, 12, 6, 13), 3]
[(6, 12, 6, 12), 3]
[(6, 12, 7, 12), 2]
[(6, 12, 6, 12), 3]
[(6, 12, 7, 12), 2]
[(6, 13, 5, 12), 3]
[(6, 13, 5, 12), 3]
[(6, 13, 5, 12), 3]
[(6, 13, 5, 11), 1]
[(4, 13, 6, 12), 3]
[(8, 12, 6, 12), 1]
[(6, 12, 6, 13), 3]
[(6, 11, 6, 13), 2]
[(6, 12, 4, 13), 3]
[(6, 11, 4, 13), 3]
[(7, 11, 4, 13), 1]
[(5, 10, 5, 14), 3]
[(5, 9, 5, 13), 2]
[(5, 10, 3, 17), 3]
[(5, 9, 4, 16), 3]
[(6, 8, 4, 16), 3]
[(6, 8, 4, 16), 3]
[(6, 7, 4, 15), 2]
[(6, 8, 3, 15), 3]
[(6, 7, 3, 15), 3]
[(6, 6, 3, 15), 3]
[(6, 7, 3, 15), 3]
[(6, 7, 4, 15), 2]
[(7, 7, 2, 15), 3]
[(7, 6, 3, 14), 3]
[(7, 6, 3, 14), 3]
[(8, 6, 3, 14), 1]
[(7, 6, 3, 15), 3]
[(7, 6, 4, 15), 2]
[(8, 6, 3, 15), 1]
[(7, 5, 4, 21), 2]
[(8, 6, 2, 21), 3]
[(8, 5, 3, 20), 2]
[(9, 6, 1, 19), 3]
[(9, 6, 1, 19), 3]
[(10, 6, 1, 18), 1]
[(9, 6, 2, 18), 3]
[(10, 6, 3, 17), 1]
[(8, 6, 4, 17), 2]
[(8, 6, 3, 16), 3]
[(9, 6, 3, 16), 1]
[(7, 6, 3, 16), 3]
[(7, 8, 3, 15), 3]
[(8, 7, 3, 14), 1]
[(7, 6, 3, 15), 3]
[(8, 5, 3, 15), 0]
[(6, 5, 1, 16), 3]
[(6, 4, 1, 16), 3]
[(7, 4, 1, 16), 3]
[(8, 4, 2, 16), 3]
[(9, 3, 2, 16), 0]
[(8, 4, 0, 17), 3]
[(9, 3, 0, 17), 1]
[(8, 8, 0, 18), 3]
[(9, 7, 1, 18), 3]
[(9, 7, 1, 17), 1]
[(8, 12, 2, 18), 3]
[(9, 12, 3, 18), 3]
[(10, 12, 4, 18), 1]
[(9, 12, 5, 19), 3]
[(9, 12, 6, 19), 3]
[(9, 12, 7, 19), 2]
[(9, 13, 6, 19), 3]
[(9, 13, 7, 19), 2]
[(9, 14, 6, 19), 3]
[(9, 13, 6, 23), 3]
[(9, 13, 7, 22), 2]
[(9, 14, 5, 22), 3]
[(9, 14, 5, 22), 3]
[(9, 14, 5, 24), 3]
[(9, 14, 6, 24), 3]
[(9, 13, 7, 23), 2]
[(9, 16, 5, 23), 3]
[(9, 15, 5, 23), 3]
[(10, 14, 5, 24), 3]
[(12, 13, 6, 24), 3]
[(13, 12, 6, 24), 1]
[(11, 11, 6, 25), 2]
[(11, 11, 5, 25), 3]
[(11, 10, 5, 25), 3]
[(12, 9, 5, 25), 2]
[(13, 10, 3, 24), 1]
[(11, 9, 4, 24), 3]
[(12, 8, 5, 27), 2]
[(13, 8, 3, 26), 3]
[(13, 7, 3, 25), 1]
[(14, 6, 4, 25), 0]
[(12, 10, 2, 25), 3]
[(13, 13, 2, 25), 1]
[(11, 12, 2, 26), 3]
[(12, 11, 2, 26), 3]
[(12, 11, 3, 26), 3]
[(13, 10, 3, 26), 3]
[(13, 9, 3, 30), 3]
[(14, 8, 3, 30), 3]
[(15, 7, 4, 30), 2]
[(16, 7, 2, 30), 1]
[(14, 7, 2, 30), 3]
[(14, 7, 2, 30), 3]
[(15, 7, 2, 30), 3]
[(16, 7, 2, 29), 1]
[(15, 7, 2, 30), 3]
[(15, 6, 2, 29), 1]
[(14, 5, 2, 30), 3]
[(15, 5, 2, 30), 3]
[(16, 5, 2, 30), 1]
[(15, 4, 2, 30), 3]
[(16, 3, 2, 30), 0]
[(14, 4, 0, 30), 3]
[(14, 4, 0, 30), 3]
[(14, 4, 0, 29), 3]
[(15, 4, 0, 28), 1]
[(13, 4, 0, 29), 3]
[(14, 3, 0, 29), 3]
[(14, 3, 0, 28), 3]
[(16, 3, 0, 28), 1]
[(15, 2, 0, 28), 1]
[(14, 2, 0, 28), 3]
[(15, 2, 0, 28), 1]
[(14, 2, 0, 29), 3]
[(14, 2, 0, 29), 3]
[(14, 3, 0, 28), 3]
[(14, 2, 0, 28), 3]
[(14, 2, 1, 27), 1]
[(12, 2, 1, 27), 3]
[(12, 2, 1, 27), 3]
[(12, 2, 4, 27), 2]
[(12, 6, 3, 27), 3]
[(12, 6, 3, 26), 3]
[(12, 5, 3, 25), 2]
[(12, 6, 1, 24), 3]
[(12, 5, 2, 24), 3]
[(14, 7, 3, 23), 1]
[(12, 7, 4, 23), 0]
[(10, 8, 2, 23), 3]
[(10, 8, 2, 23), 3]
[(10, 8, 3, 23), 3]
[(10, 8, 4, 23), 3]
[(10, 8, 5, 23), 2]
[(11, 9, 4, 22), 3]
[(11, 9, 4, 21), 1]
[(9, 9, 5, 22), 2]
[(9, 9, 4, 21), 3]
[(9, 8, 5, 20), 2]
[(9, 9, 3, 19), 3]
[(9, 9, 3, 18), 3]
[(9, 12, 3, 17), 1]
[(7, 12, 4, 18), 3]
[(7, 12, 5, 18), 3]
[(7, 12, 6, 18), 3]
[(7, 12, 7, 18), 2]
[(7, 12, 6, 18), 3]
[(7, 12, 7, 18), 2]
[(8, 13, 6, 17), 3]
[(9, 12, 7, 16), 0]
[(7, 13, 7, 16), 2]
[(7, 13, 6, 16), 3]
[(8, 13, 6, 16), 3]
[(11, 13, 7, 16), 0]
[(10, 14, 5, 17), 1]
[(9, 14, 6, 18), 3]
[(10, 14, 6, 18), 1]
[(9, 14, 7, 19), 3]
[(10, 13, 8, 18), 0]
[(9, 14, 6, 18), 3]
[(10, 14, 7, 17), 1]
[(9, 14, 7, 17), 1]
[(8, 14, 7, 17), 3]
[(9, 14, 7, 17), 1]
[(8, 14, 7, 17), 3]
[(9, 13, 7, 16), 0]
[(8, 14, 5, 17), 3]
[(9, 13, 5, 19), 3]
[(10, 12, 5, 19), 1]
[(9, 11, 5, 20), 3]
[(10, 10, 6, 20), 2]
[(14, 11, 5, 19), 1]
[(13, 13, 6, 19), 1]
[(12, 13, 7, 19), 0]
[(11, 13, 6, 24), 3]
[(12, 13, 7, 23), 0]
[(11, 14, 6, 23), 3]
[(12, 14, 7, 22), 1]
[(11, 14, 8, 22), 2]
[(12, 15, 6, 21), 1]
[(11, 14, 6, 23), 3]
[(12, 14, 6, 23), 1]
[(11, 14, 6, 24), 3]
[(12, 14, 6, 24), 3]
[(13, 13, 6, 24), 1]
[(12, 12, 8, 25), 2]
[(13, 12, 6, 25), 1]
[(12, 12, 6, 26), 3]
[(13, 12, 6, 26), 3]
[(14, 11, 6, 26), 0]
[(13, 11, 4, 27), 3]
[(14, 11, 5, 27), 1]
[(13, 11, 6, 30), 2]
[(14, 12, 5, 30), 3]
[(14, 11, 5, 30), 3]
[(15, 11, 6, 30), 2]
[(16, 12, 5, 30), 1]
[(15, 11, 6, 30), 2]
[(16, 12, 5, 30), 1]
[(15, 12, 6, 30), 3]
[(16, 11, 6, 29), 0]
[(15, 14, 5, 29), 1]
[(14, 13, 5, 29), 3]
[(14, 12, 5, 28), 3]
[(15, 12, 5, 27), 1]
[(13, 12, 5, 27), 3]
[(14, 11, 6, 26), 0]
[(13, 12, 4, 27), 3]
[(14, 12, 4, 26), 1]
[(13, 12, 4, 26), 3]
[(14, 12, 5, 26), 1]
[(13, 12, 5, 26), 3]
[(14, 12, 5, 25), 1]
[(12, 12, 5, 26), 3]
[(13, 15, 5, 26), 3]
[(14, 15, 6, 26), 1]
[(13, 16, 7, 27), 3]
[(14, 16, 7, 27), 1]
[(12, 16, 7, 28), 3]
[(15, 16, 7, 27), 1]
[(13, 16, 7, 30), 3]
[(13, 16, 7, 29), 3]
[(13, 16, 7, 28), 3]
[(14, 16, 8, 28), 3]
[(15, 16, 8, 27), 1]
[(13, 16, 9, 27), 2]
[(14, 17, 7, 26), 1]
[(12, 17, 7, 26), 3]
[(13, 17, 8, 25), 1]
[(11, 17, 9, 25), 2]
[(11, 22, 8, 24), 3]
[(11, 21, 9, 23), 3]
[(11, 20, 10, 22), 3]
[(11, 19, 10, 23), 2]
[(13, 22, 8, 22), 1]
[(12, 21, 9, 22), 1]
[(11, 20, 10, 22), 3]
[(11, 19, 11, 21), 0]
[(9, 20, 9, 21), 3]
[(9, 19, 10, 20), 2]
[(9, 19, 8, 20), 3]
[(9, 18, 9, 19), 3]
[(9, 18, 10, 18), 2]
[(10, 19, 8, 17), 1]
[(8, 18, 9, 17), 3]
[(9, 17, 10, 16), 0]
[(8, 17, 9, 16), 2]
[(9, 17, 8, 16), 1]
[(7, 16, 12, 16), 2]
[(7, 17, 11, 15), 2]
[(8, 22, 10, 14), 1]
[(6, 21, 11, 15), 2]
[(7, 21, 10, 14), 3]
[(7, 21, 10, 13), 1]
[(6, 21, 11, 13), 2]
[(6, 22, 10, 13), 3]
[(6, 22, 11, 12), 3]
[(6, 21, 12, 12), 2]
[(6, 22, 11, 12), 3]
[(6, 21, 17, 11), 0]
[(4, 22, 19, 11), 2]
[(5, 23, 18, 10), 2]
[(5, 24, 16, 10), 2]
[(6, 25, 15, 9), 0]
[(5, 25, 13, 9), 0]
[(3, 25, 11, 9), 3]
[(8, 24, 11, 8), 1]
[(7, 24, 11, 8), 1]
[(5, 24, 11, 8), 1]
[(3, 23, 11, 8), 3]
[(3, 22, 11, 7), 3]
[(3, 22, 11, 6), 3]
[(3, 21, 12, 5), 0]
[(1, 22, 10, 6), 3]
[(1, 21, 10, 5), 3]
[(1, 21, 10, 4), 3]
[(2, 21, 11, 3), 0]
[(1, 22, 9, 3), 3]
[(1, 22, 10, 2), 3]
[(1, 22, 11, 1), 1]
[(0, 22, 12, 1), 2]
[(0, 28, 11, 0), 1]
[(1, 28, 11, 0), 1]
[(1, 28, 12, 0), 1]
[(0, 28, 12, 0), 1]
[(1, 28, 13, 0), 1]
[(2, 28, 13, 0), 1]
[(1, 27, 13, 0), 1]
[(0, 26, 18, 0), 0]
[(0, 27, 16, 0), 0]
[(0, 27, 14, 0), 0]
[(0, 27, 12, 2), 3]
[(1, 27, 13, 1), 1]
[(0, 26, 14, 1), 2]
[(1, 27, 12, 1), 1]
[(1, 27, 12, 1), 1]
[(0, 28, 12, 1), 3]
[(0, 28, 12, 0), 1]
[(0, 27, 15, 1), 2]
[(0, 28, 13, 1), 3]
[(1, 28, 14, 1), 1]
[(1, 29, 14, 2), 3]
[(2, 28, 19, 2), 0]
[(1, 29, 18, 2), 2]
[(2, 30, 16, 2), 0]
[(1, 30, 15, 3), 3]
[(2, 30, 15, 3), 1]
[(1, 30, 15, 4), 3]
[(2, 29, 16, 4), 2]
[(2, 29, 14, 3), 1]
[(0, 29, 14, 3), 3]
[(0, 28, 15, 2), 2]
[(0, 29, 14, 1), 3]
[(0, 29, 15, 1), 2]
[(0, 30, 14, 0), 1]
[(0, 30, 14, 1), 3]
[(0, 29, 14, 1), 3]
[(0, 28, 15, 0), 0]
[(0, 28, 13, 1), 3]
[(0, 28, 13, 0), 1]
[(5, 28, 14, 1), 1]
[(4, 28, 14, 2), 1]
[(3, 28, 16, 2), 0]
[(2, 29, 14, 3), 1]
[(1, 28, 14, 5), 3]
[(2, 28, 14, 5), 3]
[(3, 27, 14, 5), 0]
[(2, 27, 12, 6), 3]
[(2, 26, 12, 6), 3]
[(3, 25, 17, 5), 0]
[(1, 25, 16, 6), 2]
[(2, 25, 14, 5), 2]
[(3, 25, 12, 4), 1]
[(2, 25, 12, 4), 3]
[(3, 24, 12, 3), 1]
[(2, 27, 13, 3), 1]
[(1, 26, 14, 6), 2]
[(2, 26, 13, 5), 3]
[(3, 25, 14, 4), 0]
[(2, 26, 12, 4), 3]
[(3, 26, 13, 3), 1]
[(1, 26, 16, 4), 2]
[(2, 26, 15, 3), 0]
[(1, 26, 14, 3), 2]
[(2, 26, 13, 3), 1]
[(0, 25, 14, 3), 2]
[(1, 26, 12, 2), 3]
[(2, 25, 13, 2), 0]
[(1, 25, 15, 5), 2]
[(1, 25, 13, 5), 2]
[(1, 26, 11, 5), 3]
[(1, 25, 11, 5), 3]
[(2, 24, 14, 5), 2]
[(3, 25, 12, 5), 1]
[(2, 24, 12, 6), 3]
[(3, 24, 12, 5), 1]
[(2, 23, 13, 6), 2]
[(2, 23, 14, 5), 2]
[(3, 23, 12, 4), 0]
[(1, 23, 10, 4), 3]
[(1, 22, 10, 8), 3]
[(2, 22, 11, 7), 3]
[(3, 21, 11, 6), 2]
[(4, 21, 9, 5), 1]
[(3, 20, 9, 6), 3]
[(4, 19, 9, 5), 1]
[(2, 18, 9, 6), 3]
[(2, 18, 9, 6), 3]
[(2, 18, 9, 5), 3]
[(2, 18, 10, 5), 2]
[(3, 21, 8, 4), 1]
[(1, 21, 13, 4), 2]
[(1, 22, 11, 9), 3]
[(1, 22, 11, 9), 3]
[(2, 22, 11, 8), 3]
[(2, 22, 11, 8), 3]
[(2, 22, 12, 8), 2]
[(2, 23, 11, 8), 3]
[(2, 23, 14, 8), 2]
[(3, 23, 13, 8), 2]
[(3, 24, 12, 8), 3]
[(4, 24, 13, 7), 0]
[(2, 25, 13, 7), 2]
[(3, 26, 11, 7), 3]
[(3, 26, 11, 6), 3]
[(3, 26, 12, 5), 1]
[(2, 26, 13, 6), 3]
[(3, 26, 14, 5), 0]
[(1, 27, 13, 5), 3]
[(2, 26, 14, 5), 2]
[(2, 30, 13, 4), 3]
[(3, 30, 14, 4), 1]
[(1, 30, 15, 5), 3]
[(2, 30, 16, 4), 2]
[(3, 30, 15, 4), 1]
[(2, 29, 16, 5), 2]
[(3, 29, 14, 5), 1]
[(2, 28, 14, 5), 3]
[(2, 27, 14, 5), 2]
[(3, 27, 12, 5), 1]
[(2, 26, 12, 6), 3]
[(3, 26, 12, 6), 3]
[(3, 25, 12, 6), 3]
[(4, 24, 12, 5), 1]
[(3, 23, 13, 6), 2]
[(3, 23, 11, 6), 3]
[(4, 22, 11, 7), 1]
[(3, 21, 12, 7), 2]
[(8, 21, 11, 7), 0]
[(7, 21, 10, 8), 1]
[(6, 21, 11, 9), 0]
[(5, 21, 10, 10), 3]
[(6, 22, 10, 9), 1]
[(5, 21, 11, 10), 2]
[(6, 22, 10, 10), 1]
[(5, 21, 11, 10), 2]
[(6, 22, 10, 10), 1]
[(5, 21, 16, 11), 2]
[(6, 22, 15, 10), 0]
[(5, 22, 14, 11), 2]
[(5, 23, 13, 10), 2]
[(6, 23, 12, 9), 0]
[(4, 23, 11, 9), 3]
[(5, 22, 12, 8), 0]
[(4, 23, 11, 8), 3]
[(5, 22, 12, 7), 0]
[(4, 22, 11, 7), 1]
[(3, 22, 12, 8), 2]
[(4, 23, 11, 7), 1]
[(3, 22, 12, 8), 2]
[(4, 22, 11, 7), 1]
[(3, 21, 16, 8), 2]
[(3, 21, 15, 8), 2]
[(4, 21, 17, 7), 0]
[(3, 21, 16, 8), 2]
[(4, 21, 15, 7), 0]
[(3, 21, 14, 8), 2]
[(4, 22, 18, 8), 2]
[(5, 23, 17, 7), 0]
[(4, 24, 16, 7), 0]
[(3, 25, 15, 8), 2]
[(4, 26, 14, 10), 2]
[(7, 27, 13, 9), 1]
[(6, 27, 13, 10), 1]
[(5, 27, 13, 11), 3]
[(6, 26, 14, 11), 0]
[(5, 30, 12, 12), 3]
[(6, 30, 12, 12), 3]
[(6, 30, 12, 12), 3]
[(7, 30, 12, 12), 1]
[(5, 29, 15, 13), 2]
[(6, 30, 13, 12), 3]
[(11, 30, 13, 12), 1]
[(9, 30, 13, 13), 1]
[(8, 30, 13, 14), 1]
[(7, 29, 14, 15), 3]
[(7, 29, 14, 15), 3]
[(7, 29, 14, 15), 3]
[(8, 28, 16, 15), 0]
[(6, 28, 14, 16), 3]
[(6, 27, 15, 16), 2]
[(6, 28, 13, 15), 3]
[(7, 28, 14, 15), 3]
[(8, 28, 18, 15), 0]
[(6, 29, 17, 18), 2]
[(7, 29, 16, 18), 2]
[(7, 30, 17, 18), 2]
[(8, 30, 15, 17), 3]
[(8, 29, 16, 16), 2]
[(8, 29, 15, 16), 2]
[(8, 29, 14, 16), 3]
[(8, 30, 15, 16), 3]
[(9, 30, 16, 15), 0]
[(7, 30, 14, 16), 3]
[(8, 29, 14, 15), 1]
[(6, 28, 14, 15), 3]
[(7, 27, 15, 14), 2]
[(7, 28, 13, 14), 3]
[(7, 27, 13, 14), 3]
[(7, 26, 14, 14), 2]
[(7, 26, 12, 13), 1]
[(5, 25, 12, 13), 3]
[(5, 25, 12, 12), 3]
[(5, 24, 12, 11), 3]
[(5, 24, 13, 10), 2]
[(6, 24, 12, 9), 1]
[(5, 24, 13, 9), 0]
[(3, 24, 17, 9), 2]
[(4, 24, 16, 8), 2]
[(4, 24, 15, 7), 0]
[(2, 25, 14, 7), 2]
[(3, 26, 12, 6), 3]
[(3, 26, 13, 5), 1]
[(1, 26, 14, 5), 2]
[(2, 27, 12, 4), 3]
[(3, 27, 13, 3), 1]
[(1, 26, 13, 3), 3]
[(2, 26, 13, 7), 3]
[(3, 26, 14, 6), 2]
[(4, 26, 13, 5), 1]
[(3, 26, 13, 5), 1]
[(1, 26, 14, 5), 2]
[(1, 27, 13, 4), 3]
[(2, 26, 13, 3), 1]
[(1, 25, 14, 3), 2]
[(2, 26, 13, 2), 1]
[(0, 25, 13, 2), 2]
[(0, 26, 12, 1), 3]
[(0, 26, 13, 0), 1]
[(1, 25, 14, 0), 0]
[(1, 26, 13, 0), 1]
[(1, 26, 14, 0), 0]
[(2, 27, 12, 0), 1]
[(0, 26, 15, 1), 2]
[(0, 26, 14, 0), 0]
[(0, 27, 13, 0), 1]
[(0, 27, 13, 1), 3]
[(0, 27, 14, 0), 0]
[(0, 27, 13, 0), 1]
[(0, 27, 14, 0), 0]
[(0, 28, 13, 1), 3]
[(0, 27, 13, 0), 1]
[(0, 26, 14, 0), 0]
[(0, 26, 13, 0), 1]
[(0, 25, 14, 1), 2]
[(0, 26, 13, 1), 3]
[(0, 25, 14, 0), 0]
[(0, 25, 12, 0), 1]
[(0, 24, 13, 0), 0]
[(0, 24, 12, 0), 1]
[(0, 23, 13, 0), 0]
[(0, 23, 12, 0), 0]
[(0, 23, 10, 0), 1]
[(0, 22, 11, 0), 1]
[(1, 21, 12, 0), 0]
[(1, 21, 11, 0), 0]
[(1, 22, 10, 0), 1]
[(0, 21, 11, 0), 0]
[(0, 21, 10, 1), 3]
[(0, 20, 11, 1), 2]
[(0, 20, 10, 0), 1]
[(0, 19, 11, 0), 0]
[(0, 20, 10, 3), 3]
[(0, 19, 11, 2), 2]
[(0, 22, 10, 2), 3]
[(0, 21, 11, 1), 2]
[(0, 21, 10, 0), 1]
[(0, 21, 11, 1), 2]
[(0, 21, 12, 1), 2]
[(0, 22, 11, 2), 3]
[(0, 21, 12, 2), 2]
[(1, 21, 11, 2), 2]
[(1, 22, 10, 2), 3]
[(1, 22, 11, 1), 1]
[(1, 22, 12, 1), 0]
[(0, 23, 11, 1), 3]
[(1, 23, 12, 0), 0]
[(1, 24, 11, 0), 1]
[(1, 24, 12, 0), 1]
[(0, 23, 13, 1), 2]
[(1, 23, 12, 1), 0]
[(0, 24, 10, 1), 3]
[(1, 24, 10, 1), 1]
[(1, 23, 16, 2), 2]
[(2, 23, 15, 1), 0]
[(1, 23, 14, 2), 2]
[(2, 23, 13, 2), 0]
[(0, 23, 11, 2), 3]
[(1, 22, 12, 1), 0]
[(1, 22, 14, 2), 2]
[(1, 22, 12, 2), 2]
[(1, 22, 10, 1), 1]
[(0, 25, 10, 2), 3]
[(0, 29, 10, 1), 3]
[(1, 28, 11, 0), 1]
[(0, 27, 12, 1), 3]
[(0, 27, 12, 0), 1]
[(0, 27, 12, 0), 1]
[(1, 27, 12, 0), 1]
[(1, 27, 12, 0), 1]
[(3, 27, 13, 0), 1]
[(2, 27, 13, 0), 1]
[(0, 27, 13, 0), 1]
[(4, 30, 13, 0), 1]
[(3, 30, 13, 0), 1]
[(2, 30, 14, 1), 1]
[(1, 30, 14, 2), 3]
[(2, 30, 15, 1), 1]
[(1, 30, 15, 1), 1]
[(0, 30, 16, 1), 2]
[(0, 30, 14, 0), 1]
[(4, 30, 14, 0), 1]
[(2, 30, 15, 0), 1]
[(0, 29, 20, 1), 2]
[(0, 30, 18, 0), 0]
[(0, 30, 16, 1), 2]
[(0, 30, 14, 0), 1]
[(0, 30, 14, 1), 3]
[(0, 29, 15, 0), 0]
[(0, 30, 14, 0), 1]
[(0, 30, 15, 0), 1]
[(0, 30, 15, 0), 1]
[(0, 30, 16, 1), 2]
[(0, 30, 15, 5), 3]
[(0, 30, 16, 4), 2]
[(4, 30, 14, 3), 1]
[(3, 30, 18, 3), 0]
[(2, 30, 17, 4), 2]
[(2, 30, 16, 3), 0]
[(1, 30, 14, 4), 3]
[(2, 30, 14, 3), 1]
[(1, 30, 15, 3), 3]
[(2, 30, 15, 3), 1]
[(1, 30, 16, 3), 2]
[(2, 30, 15, 3), 1]
[(0, 30, 16, 4), 2]
[(1, 30, 14, 4), 3]
[(2, 30, 14, 4), 3]
[(3, 30, 14, 4), 1]
[(1, 29, 14, 5), 3]
[(2, 29, 14, 5), 3]
[(3, 28, 14, 5), 1]
[(2, 27, 15, 6), 2]
[(3, 28, 13, 6), 3]
[(4, 27, 17, 5), 0]
[(3, 28, 15, 5), 0]
[(2, 29, 13, 5), 3]
[(3, 29, 13, 4), 1]
[(2, 29, 13, 5), 3]
[(2, 28, 13, 4), 3]
[(2, 28, 14, 3), 1]
[(0, 27, 14, 3), 2]
[(0, 27, 12, 3), 3]
[(0, 27, 12, 3), 3]
[(0, 26, 12, 3), 3]
[(0, 28, 12, 3), 3]
[(0, 27, 13, 3), 3]
[(0, 26, 13, 3), 3]
[(0, 26, 13, 3), 3]
[(0, 26, 13, 2), 3]
[(0, 25, 14, 2), 2]
[(0, 25, 13, 2), 2]
[(0, 26, 15, 2), 2]
[(0, 27, 14, 6), 2]
[(5, 28, 12, 6), 1]
[(3, 30, 13, 7), 3]
[(3, 30, 13, 6), 3]
[(3, 30, 13, 5), 1]
[(1, 30, 13, 5), 3]
[(1, 30, 13, 4), 3]
[(1, 30, 13, 3), 3]
[(1, 30, 13, 2), 3]
[(1, 29, 13, 2), 3]
[(1, 29, 13, 2), 3]
[(1, 28, 13, 2), 3]
[(1, 28, 13, 2), 3]
[(1, 28, 13, 2), 3]
[(1, 28, 14, 5), 3]
[(1, 28, 14, 4), 3]
[(1, 28, 14, 4), 3]
[(2, 28, 15, 4), 2]
[(3, 28, 13, 4), 1]
[(2, 27, 13, 5), 3]
[(2, 27, 13, 6), 3]
[(3, 26, 13, 5), 1]
[(2, 27, 13, 6), 3]
[(2, 30, 13, 6), 3]
[(3, 30, 13, 6), 3]
[(4, 29, 13, 6), 1]
[(3, 29, 13, 7), 3]
[(4, 29, 13, 6), 1]
[(2, 29, 13, 6), 3]
[(3, 29, 13, 5), 1]
[(1, 29, 13, 5), 3]
[(2, 29, 14, 4), 3]
[(3, 29, 14, 4), 1]
[(2, 29, 14, 4), 3]
[(3, 28, 14, 3), 1]
[(2, 28, 14, 3), 1]
[(1, 28, 14, 4), 3]
[(2, 28, 18, 3), 0]
[(1, 29, 16, 4), 2]
[(2, 29, 14, 4), 3]
[(3, 29, 14, 3), 1]
[(2, 29, 14, 4), 3]
[(3, 28, 15, 4), 0]
[(1, 29, 13, 4), 3]
[(2, 29, 13, 3), 1]
[(1, 29, 13, 3), 3]
[(1, 28, 13, 3), 3]
[(2, 28, 13, 3), 1]
[(1, 27, 13, 3), 3]
[(2, 26, 13, 2), 1]
[(1, 25, 13, 2), 2]
[(1, 26, 12, 2), 3]
[(2, 25, 13, 1), 0]
[(1, 26, 11, 2), 3]
[(2, 25, 12, 2), 1]
[(1, 25, 13, 3), 2]
[(2, 25, 12, 3), 1]
[(1, 24, 12, 4), 3]
[(1, 24, 13, 3), 2]
[(3, 25, 11, 3), 1]
[(2, 24, 11, 3), 1]
[(1, 23, 12, 3), 2]
[(2, 23, 10, 2), 1]
[(1, 22, 11, 2), 3]
[(2, 25, 11, 2), 1]
[(1, 25, 12, 3), 3]
[(2, 25, 15, 3), 0]
[(1, 26, 14, 3), 2]
[(2, 26, 12, 3), 1]
[(1, 25, 12, 4), 3]
[(1, 24, 13, 3), 2]
[(2, 24, 12, 2), 1]
[(1, 24, 12, 3), 3]
[(2, 24, 12, 2), 1]
[(1, 23, 15, 2), 2]
[(1, 23, 13, 1), 0]
[(0, 24, 12, 1), 3]
[(0, 24, 12, 0), 1]
[(0, 24, 12, 1), 3]
[(0, 24, 13, 1), 2]
[(0, 27, 17, 1), 2]
[(1, 28, 16, 1), 0]
[(0, 29, 14, 2), 3]
[(0, 29, 15, 2), 2]
[(0, 29, 14, 2), 3]
[(0, 29, 15, 2), 2]
[(0, 29, 13, 2), 3]
[(0, 28, 13, 1), 3]
[(0, 27, 14, 1), 2]
[(0, 28, 13, 0), 1]
[(0, 27, 13, 1), 3]
[(0, 27, 13, 0), 1]
[(0, 26, 13, 1), 3]
[(0, 26, 13, 0), 1]
[(0, 25, 14, 0), 0]
[(0, 26, 13, 0), 1]
[(0, 25, 13, 1), 2]
[(0, 25, 12, 1), 3]
[(0, 25, 12, 0), 1]
[(0, 25, 12, 0), 1]
[(1, 24, 13, 0), 0]
[(0, 24, 11, 2), 3]
[(1, 23, 11, 1), 1]
[(0, 23, 12, 6), 2]
[(1, 24, 10, 6), 3]
[(2, 24, 11, 5), 3]
[(3, 24, 11, 5), 1]
[(1, 23, 11, 5), 3]
[(2, 22, 11, 5), 3]
[(3, 21, 11, 5), 0]
[(1, 22, 10, 5), 3]
[(1, 21, 11, 4), 2]
[(2, 21, 10, 3), 1]
[(2, 20, 10, 4), 3]
[(2, 19, 11, 4), 2]
[(2, 20, 10, 4), 3]
[(2, 20, 11, 4), 2]
[(2, 20, 10, 4), 3]
[(4, 19, 10, 4), 0]
[(2, 20, 8, 5), 3]
[(3, 19, 8, 5), 1]
[(1, 19, 8, 6), 3]
[(1, 18, 8, 6), 3]
[(1, 17, 8, 5), 3]
[(1, 16, 8, 5), 3]
[(1, 16, 8, 5), 3]
[(1, 15, 8, 4), 2]
[(1, 15, 6, 4), 3]
[(1, 14, 6, 4), 3]
[(1, 13, 6, 4), 3]
[(1, 12, 6, 3), 3]
[(1, 12, 7, 3), 2]
[(1, 13, 5, 2), 3]
[(1, 12, 6, 1), 1]
[(0, 11, 6, 2), 2]
[(0, 16, 4, 1), 3]
[(1, 15, 4, 1), 1]
[(1, 14, 8, 1), 0]
[(0, 15, 6, 1), 3]
[(0, 15, 6, 0), 1]
[(0, 19, 6, 0), 1]
[(1, 18, 6, 0), 1]
[(0, 17, 6, 0), 1]
[(1, 16, 6, 0), 1]
[(1, 15, 6, 0), 1]
[(0, 14, 6, 0), 1]
[(1, 13, 6, 1), 1]
[(1, 12, 6, 2), 3]
[(1, 11, 6, 2), 2]
[(2, 11, 4, 2), 1]
[(0, 10, 4, 3), 3]
[(1, 9, 4, 3), 3]
[(2, 8, 4, 3), 1]
[(1, 7, 4, 4), 2]
[(1, 7, 2, 4), 3]
[(2, 8, 2, 4), 3]
[(2, 8, 2, 6), 3]
[(3, 8, 2, 6), 3]
[(3, 8, 2, 6), 3]
[(3, 8, 2, 6), 3]
[(5, 8, 2, 6), 1]
[(3, 8, 3, 7), 3]
[(3, 8, 3, 7), 3]
[(4, 8, 3, 7), 1]
[(3, 8, 3, 7), 3]
[(4, 8, 3, 7), 1]
[(2, 8, 3, 8), 3]
[(2, 8, 3, 8), 3]
[(3, 8, 3, 8), 3]
[(3, 8, 3, 8), 3]
[(3, 8, 3, 8), 3]
[(4, 8, 4, 8), 3]
[(5, 8, 4, 8), 1]
[(3, 8, 4, 9), 3]
[(4, 8, 4, 8), 3]
[(5, 8, 4, 8), 1]
[(4, 8, 4, 9), 3]
[(5, 8, 4, 11), 3]
[(5, 8, 5, 11), 2]
[(6, 9, 3, 11), 1]
[(5, 9, 3, 12), 3]
[(6, 12, 3, 11), 1]
[(5, 12, 4, 11), 3]
[(6, 12, 4, 11), 1]
[(5, 12, 4, 12), 3]
[(5, 12, 4, 16), 3]
[(5, 12, 4, 15), 3]
[(5, 12, 5, 14), 3]
[(5, 12, 5, 13), 3]
[(6, 12, 5, 12), 3]
[(6, 12, 5, 12), 3]
[(6, 12, 6, 12), 3]
[(6, 12, 6, 12), 3]
[(7, 12, 6, 12), 1]
[(6, 12, 6, 13), 3]
[(7, 12, 7, 13), 0]
[(9, 13, 6, 13), 1]
[(8, 13, 6, 13), 1]
[(6, 13, 7, 14), 2]
[(7, 14, 5, 14), 3]
[(8, 14, 5, 13), 1]
[(6, 14, 6, 14), 3]
[(6, 14, 6, 14), 3]
[(6, 14, 7, 14), 3]
[(6, 14, 8, 13), 2]
[(7, 15, 6, 12), 1]
[(6, 15, 6, 13), 3]
[(6, 14, 6, 13), 3]
[(6, 14, 6, 17), 3]
[(6, 14, 6, 18), 3]
[(6, 14, 6, 17), 3]
[(6, 14, 6, 16), 3]
[(6, 14, 6, 15), 3]
[(7, 14, 6, 14), 3]
[(7, 14, 6, 14), 3]
[(8, 14, 6, 13), 1]
[(6, 14, 6, 13), 3]
[(6, 13, 6, 12), 3]
[(6, 15, 6, 11), 1]
[(4, 15, 6, 11), 3]
[(5, 15, 7, 11), 3]
[(6, 15, 8, 11), 0]
[(5, 15, 6, 12), 3]
[(5, 15, 6, 11), 3]
[(6, 14, 7, 10), 1]
[(4, 14, 8, 15), 2]
[(5, 14, 7, 14), 3]
[(6, 14, 11, 13), 2]
[(7, 15, 9, 12), 0]
[(6, 15, 7, 12), 3]
[(7, 14, 8, 12), 0]
[(6, 15, 6, 13), 3]
[(10, 14, 6, 12), 1]
[(9, 14, 7, 13), 1]
[(7, 13, 7, 14), 2]
[(8, 13, 5, 13), 1]
[(6, 13, 5, 13), 3]
[(6, 14, 5, 13), 3]
[(6, 13, 5, 13), 3]
[(6, 12, 5, 12), 3]
[(6, 11, 5, 13), 3]
[(7, 10, 5, 13), 1]
[(5, 10, 5, 14), 3]
[(5, 10, 5, 18), 3]
[(5, 10, 5, 18), 3]
[(6, 10, 5, 18), 3]
[(6, 10, 5, 18), 3]
[(6, 10, 10, 18), 2]
[(7, 11, 8, 17), 2]
[(8, 12, 6, 16), 3]
[(8, 12, 7, 15), 0]
[(6, 13, 5, 16), 3]
[(7, 13, 5, 16), 3]
[(8, 13, 6, 15), 1]
[(7, 13, 7, 15), 2]
[(8, 17, 5, 15), 1]
[(7, 17, 6, 16), 3]
[(7, 16, 6, 15), 3]
[(8, 16, 6, 14), 1]
[(6, 16, 7, 14), 3]
[(6, 16, 7, 13), 3]
[(6, 16, 7, 13), 3]
[(7, 16, 7, 14), 3]
[(7, 16, 7, 14), 3]
[(8, 16, 7, 18), 3]
[(9, 16, 7, 18), 3]
[(9, 16, 8, 18), 3]
[(9, 16, 9, 17), 0]
[(7, 17, 8, 18), 3]
[(7, 17, 9, 18), 2]
[(7, 18, 7, 18), 3]
[(9, 18, 7, 18), 3]
[(10, 18, 12, 18), 0]
[(8, 19, 10, 19), 2]
[(13, 20, 9, 18), 1]
[(11, 20, 10, 18), 1]
[(9, 20, 10, 19), 3]
[(10, 20, 10, 18), 1]
[(9, 20, 10, 18), 3]
[(10, 20, 10, 17), 1]
[(9, 20, 11, 17), 0]
[(12, 21, 9, 18), 1]
[(11, 21, 9, 18), 1]
[(10, 21, 10, 18), 1]
[(9, 20, 13, 18), 2]
[(10, 25, 12, 18), 1]
[(9, 25, 16, 19), 2]
[(9, 26, 14, 18), 2]
[(9, 26, 13, 18), 3]
[(10, 26, 14, 17), 0]
[(8, 27, 12, 17), 3]
[(9, 27, 12, 16), 1]
[(8, 27, 12, 17), 3]
[(8, 27, 12, 16), 3]
[(8, 27, 12, 16), 3]
[(8, 27, 13, 15), 1]
[(6, 26, 13, 16), 3]
[(6, 26, 13, 16), 3]
[(6, 26, 13, 17), 3]
[(6, 26, 14, 16), 2]
[(11, 27, 13, 16), 1]
[(13, 26, 13, 17), 1]
[(11, 25, 13, 22), 2]
[(12, 25, 12, 22), 1]
[(10, 24, 18, 23), 2]
[(10, 24, 17, 23), 2]
[(10, 24, 16, 23), 2]
[(10, 24, 15, 23), 2]
[(10, 24, 14, 22), 2]
[(10, 24, 13, 22), 2]
[(10, 24, 11, 22), 3]
[(10, 23, 12, 22), 2]
[(10, 24, 11, 21), 3]
[(10, 24, 12, 20), 3]
[(10, 23, 13, 20), 2]
[(10, 27, 12, 24), 3]
[(13, 27, 13, 24), 1]
[(12, 27, 14, 26), 2]
[(12, 27, 13, 26), 3]
[(13, 26, 14, 26), 2]
[(13, 26, 13, 26), 3]
[(13, 26, 14, 25), 0]
[(11, 26, 12, 25), 3]
[(11, 25, 12, 25), 3]
[(12, 24, 12, 24), 3]
[(12, 23, 13, 23), 0]
[(10, 23, 12, 23), 2]
[(11, 23, 10, 23), 3]
[(11, 23, 11, 23), 3]
[(12, 22, 12, 22), 0]
[(10, 22, 10, 23), 3]
[(14, 21, 10, 22), 1]
[(12, 20, 11, 22), 0]
[(11, 20, 10, 23), 3]
[(12, 20, 11, 23), 0]
[(11, 20, 10, 23), 3]
[(12, 19, 11, 22), 0]
[(11, 19, 11, 22), 2]
[(12, 19, 9, 21), 1]
[(11, 21, 9, 21), 1]
[(9, 21, 9, 21), 3]
[(10, 20, 9, 21), 3]
[(11, 20, 10, 25), 3]
[(12, 20, 11, 24), 2]
[(14, 20, 10, 23), 1]
[(13, 20, 10, 24), 1]
[(12, 20, 11, 24), 2]
[(13, 21, 9, 23), 1]
[(12, 21, 10, 23), 1]
[(11, 20, 11, 23), 2]
[(12, 21, 9, 22), 1]
[(11, 20, 10, 22), 3]
[(12, 20, 11, 21), 0]
[(11, 20, 10, 21), 1]
[(9, 19, 10, 21), 2]
[(10, 20, 9, 20), 3]
[(10, 19, 10, 19), 0]
[(9, 20, 9, 19), 3]
[(10, 20, 12, 18), 0]
[(9, 21, 10, 19), 3]
[(10, 21, 10, 21), 3]
[(11, 21, 11, 21), 0]
[(10, 25, 10, 21), 3]
[(10, 25, 11, 20), 3]
[(10, 24, 12, 19), 1]
[(8, 23, 13, 19), 2]
[(12, 24, 11, 18), 1]
[(11, 23, 12, 18), 0]
[(9, 23, 10, 18), 3]
[(9, 23, 12, 17), 0]
[(7, 23, 10, 18), 3]
[(8, 23, 11, 18), 3]
[(11, 22, 11, 17), 1]
[(10, 21, 12, 18), 0]
[(9, 22, 11, 18), 3]
[(10, 22, 12, 17), 0]
[(9, 23, 11, 17), 1]
[(8, 23, 12, 18), 2]
[(9, 24, 12, 18), 3]
[(10, 23, 13, 21), 2]
[(14, 23, 12, 24), 0]
[(18, 24, 11, 25), 1]
[(17, 24, 12, 26), 1]
[(16, 24, 12, 27), 1]
[(15, 24, 13, 28), 0]
[(14, 25, 12, 29), 3]
[(15, 28, 13, 29), 1]
[(14, 27, 14, 30), 2]
[(15, 28, 13, 30), 0]
[(14, 28, 12, 30), 1]
[(13, 27, 13, 30), 0]
[(14, 29, 12, 30), 0]
[(13, 29, 11, 30), 0]
[(12, 30, 10, 30), 0]
[(10, 30, 9, 30), 1]
[(9, 30, 9, 30), 0]
[(8, 30, 7, 30), 0]
[(7, 30, 6, 30), 0]
[(6, 30, 7, 30), 0]
[(4, 30, 7, 30), 3]
[(5, 30, 8, 29), 3]
[(5, 30, 9, 28), 3]
[(5, 30, 10, 27), 3]
[(6, 30, 10, 26), 3]
[(6, 30, 11, 25), 3]
[(7, 30, 12, 24), 3]
[(7, 29, 13, 24), 3]
[(7, 29, 14, 23), 3]
[(7, 29, 15, 23), 2]
[(7, 30, 14, 22), 3]
[(8, 29, 15, 21), 2]
[(9, 30, 14, 20), 3]
[(9, 30, 14, 20), 3]
[(9, 29, 15, 20), 2]
[(10, 30, 14, 19), 1]
[(9, 30, 14, 20), 3]
[(9, 29, 14, 20), 3]
[(9, 28, 14, 20), 3]
[(10, 27, 14, 23), 2]
[(11, 28, 12, 23), 3]
[(12, 27, 13, 22), 1]
[(11, 26, 13, 22), 3]
[(11, 26, 14, 21), 0]
[(10, 26, 13, 21), 3]
[(10, 26, 14, 20), 2]
[(11, 27, 13, 19), 1]
[(10, 27, 13, 19), 1]
[(9, 27, 14, 20), 2]
[(9, 28, 12, 19), 3]
[(10, 28, 12, 19), 1]
[(9, 27, 12, 19), 3]
[(9, 26, 13, 18), 3]
[(10, 26, 13, 18), 1]
[(9, 26, 14, 19), 2]
[(11, 27, 13, 18), 1]
[(10, 27, 14, 21), 2]
[(10, 27, 12, 20), 3]
[(11, 26, 18, 19), 0]
[(10, 26, 17, 19), 0]
[(8, 26, 16, 19), 2]
[(8, 27, 15, 19), 2]
[(9, 27, 14, 18), 2]
[(11, 27, 13, 17), 1]
[(9, 27, 14, 17), 0]
[(7, 27, 12, 17), 3]
[(7, 27, 12, 16), 3]
[(7, 27, 13, 15), 3]
[(8, 26, 14, 14), 0]
[(8, 26, 13, 14), 1]
[(6, 26, 14, 15), 2]
[(6, 27, 13, 16), 3]
[(6, 26, 13, 16), 3]
[(7, 30, 13, 16), 3]
[(7, 30, 14, 15), 3]
[(10, 30, 15, 15), 1]
[(9, 30, 20, 16), 0]
[(8, 30, 18, 17), 2]
[(9, 30, 16, 17), 0]
[(8, 30, 14, 18), 3]
[(9, 30, 14, 18), 3]
[(10, 30, 14, 18), 1]
[(9, 29, 15, 23), 2]
[(10, 30, 14, 23), 3]
[(11, 30, 15, 23), 3]
[(11, 30, 16, 23), 2]
[(12, 30, 15, 23), 1]
[(10, 30, 16, 24), 2]
[(11, 30, 15, 23), 3]
[(12, 30, 16, 23), 0]
[(10, 30, 15, 24), 3]
[(10, 29, 16, 23), 2]
[(11, 29, 15, 23), 2]
[(11, 30, 14, 22), 3]
[(11, 29, 15, 21), 0]
[(10, 29, 14, 21), 3]
[(11, 28, 15, 20), 0]
[(10, 29, 14, 20), 3]
[(11, 28, 15, 19), 0]
[(10, 29, 14, 19), 1]
[(9, 28, 15, 20), 2]
[(9, 28, 14, 20), 3]
[(9, 27, 15, 19), 2]
[(10, 30, 14, 19), 1]
[(8, 29, 15, 20), 2]
[(8, 29, 14, 19), 3]
[(9, 28, 15, 18), 2]
[(11, 28, 14, 18), 1]
[(10, 27, 15, 19), 0]
[(8, 28, 14, 20), 3]
[(8, 27, 14, 25), 2]
[(9, 27, 13, 25), 3]
[(9, 30, 14, 25), 3]
[(10, 29, 14, 24), 3]
[(10, 28, 15, 23), 2]
[(10, 28, 14, 22), 3]
[(10, 30, 14, 22), 3]
[(10, 29, 14, 22), 3]
[(10, 28, 14, 21), 3]
[(11, 27, 14, 21), 0]
[(9, 27, 12, 23), 3]
[(9, 26, 12, 23), 3]
[(9, 25, 12, 23), 3]
[(9, 24, 13, 23), 2]
[(9, 24, 11, 23), 3]
[(9, 23, 14, 23), 2]
[(9, 23, 12, 22), 2]
[(10, 24, 11, 21), 3]
[(11, 23, 11, 21), 1]
[(10, 23, 12, 22), 2]
[(11, 23, 10, 22), 3]
[(12, 25, 10, 26), 3]
[(13, 25, 11, 26), 3]
[(14, 25, 17, 26), 0]
[(13, 26, 21, 27), 2]
[(14, 26, 20, 27), 0]
[(13, 26, 19, 28), 2]
[(16, 26, 18, 28), 0]
[(15, 27, 17, 29), 0]
[(14, 28, 15, 30), 1]
[(13, 28, 16, 30), 0]
[(11, 28, 15, 30), 0]
[(10, 29, 14, 30), 0]
[(9, 29, 12, 30), 0]
[(8, 29, 10, 30), 3]
[(9, 30, 11, 30), 2]
[(10, 30, 9, 29), 1]
[(13, 29, 10, 29), 3]
[(14, 29, 11, 29), 3]
[(14, 28, 12, 29), 3]
[(15, 28, 12, 28), 1]
[(14, 27, 12, 29), 3]
[(14, 26, 13, 29), 3]
[(15, 26, 13, 29), 1]
[(13, 26, 13, 30), 0]
[(16, 26, 11, 30), 0]
[(15, 26, 10, 30), 3]
[(16, 26, 10, 30), 1]
[(15, 25, 11, 30), 3]
[(16, 24, 11, 30), 1]
[(19, 23, 11, 30), 1]
[(18, 23, 11, 30), 1]
[(17, 23, 11, 30), 1]
[(16, 22, 11, 30), 1]
[(15, 22, 12, 30), 2]
[(16, 23, 11, 29), 1]
[(15, 22, 11, 29), 1]
[(14, 21, 12, 29), 2]
[(15, 21, 11, 28), 0]
[(13, 22, 10, 28), 3]
[(13, 22, 11, 27), 3]
[(13, 22, 12, 26), 2]
[(13, 22, 11, 26), 3]
[(13, 22, 12, 25), 0]
[(12, 23, 11, 25), 3]
[(13, 23, 12, 24), 0]
[(11, 24, 11, 25), 3]
[(11, 24, 12, 25), 3]
[(12, 23, 13, 25), 2]
[(13, 24, 12, 25), 1]
[(12, 23, 12, 26), 2]
[(12, 24, 11, 26), 3]
[(13, 23, 11, 26), 3]
[(14, 23, 12, 26), 0]
[(12, 23, 10, 27), 3]
[(13, 23, 11, 27), 3]
[(14, 23, 12, 27), 0]
[(13, 24, 11, 28), 3]
[(13, 23, 12, 27), 2]
[(13, 23, 11, 27), 3]
[(14, 23, 11, 26), 1]
[(12, 22, 12, 27), 2]
[(12, 22, 10, 27), 3]
[(13, 21, 11, 27), 2]
[(14, 22, 10, 27), 1]
[(13, 22, 11, 27), 3]
[(14, 21, 12, 27), 0]
[(13, 21, 11, 28), 2]
[(14, 22, 10, 28), 3]
[(14, 21, 12, 28), 2]
[(20, 21, 11, 27), 0]
[(19, 21, 9, 27), 1]
[(18, 20, 10, 27), 1]
[(17, 20, 10, 28), 1]
[(15, 19, 10, 28), 0]
[(13, 22, 9, 28), 3]
[(13, 22, 10, 27), 3]
[(14, 22, 11, 27), 1]
[(13, 21, 11, 28), 2]
[(13, 22, 10, 27), 3]
[(14, 22, 11, 26), 1]
[(12, 22, 12, 27), 2]
[(13, 23, 11, 27), 3]
[(13, 22, 12, 27), 2]
[(14, 22, 11, 27), 1]
[(12, 21, 17, 28), 2]
[(12, 21, 15, 27), 2]
[(13, 21, 14, 28), 2]
[(13, 21, 13, 28), 2]
[(14, 21, 12, 28), 2]
[(15, 21, 11, 29), 0]
[(14, 21, 10, 30), 3]
[(15, 20, 11, 29), 0]
[(13, 20, 10, 30), 3]
[(13, 19, 11, 30), 2]
[(14, 19, 9, 30), 3]
[(15, 18, 10, 30), 2]
[(16, 18, 9, 30), 1]
[(15, 17, 10, 30), 2]
[(15, 17, 8, 30), 3]
[(15, 17, 8, 29), 1]
[(14, 16, 9, 29), 2]
[(15, 16, 7, 28), 1]
[(13, 15, 8, 28), 2]
[(14, 16, 7, 27), 1]
[(13, 16, 7, 27), 3]
[(13, 16, 7, 27), 3]
[(13, 16, 8, 27), 3]
[(14, 16, 8, 27), 1]
[(13, 16, 8, 28), 3]
[(13, 16, 8, 28), 3]
[(13, 20, 8, 28), 3]
[(14, 20, 8, 28), 3]
[(15, 20, 8, 28), 1]
[(14, 20, 9, 29), 3]
[(14, 20, 10, 29), 3]
[(15, 20, 13, 29), 0]
[(14, 21, 12, 30), 2]
[(17, 22, 11, 30), 1]
[(16, 21, 11, 30), 0]
[(20, 22, 10, 30), 1]
[(19, 22, 11, 30), 1]
[(17, 26, 12, 30), 0]
[(16, 27, 10, 30), 0]
[(14, 28, 11, 30), 0]
[(13, 29, 9, 30), 0]
[(14, 30, 8, 30), 2]
[(14, 30, 7, 30), 3]
[(15, 30, 8, 30), 3]
[(16, 30, 9, 30), 0]
[(16, 30, 7, 30), 0]
[(15, 30, 6, 30), 0]
[(14, 30, 5, 30), 0]
[(13, 30, 4, 30), 1]
[(12, 30, 4, 30), 3]
[(13, 30, 5, 30), 2]
[(14, 30, 4, 30), 0]
[(13, 30, 3, 30), 0]
[(11, 30, 2, 30), 3]
[(12, 30, 3, 30), 0]
[(11, 30, 2, 30), 3]
[(12, 30, 3, 30), 0]
[(11, 30, 2, 30), 3]
[(12, 30, 3, 29), 3]
[(13, 29, 4, 28), 3]
[(14, 29, 5, 27), 1]
[(13, 28, 6, 27), 3]
[(14, 27, 7, 27), 1]
[(13, 26, 8, 28), 3]
[(14, 25, 9, 27), 1]
[(13, 25, 10, 28), 3]
[(13, 24, 11, 27), 3]
[(14, 24, 12, 27), 1]
[(12, 24, 13, 28), 2]
[(13, 25, 12, 28), 3]
[(13, 24, 13, 28), 2]
[(13, 24, 12, 28), 3]
[(14, 24, 13, 28), 2]
[(15, 25, 11, 28), 1]
[(14, 24, 11, 28), 3]
[(15, 23, 11, 28), 1]
[(14, 23, 11, 30), 3]
[(15, 23, 11, 29), 1]
[(14, 22, 11, 30), 3]
[(15, 21, 12, 30), 2]
[(17, 22, 10, 30), 1]
[(16, 22, 10, 30), 1]
[(15, 22, 11, 30), 3]
[(16, 21, 12, 30), 0]
[(19, 22, 12, 30), 0]
[(18, 22, 11, 30), 1]
[(17, 26, 12, 30), 0]
[(16, 26, 11, 30), 0]
[(15, 27, 14, 30), 1]
[(14, 27, 15, 30), 1]
[(14, 27, 15, 30), 1]
[(13, 26, 16, 30), 1]
[(12, 26, 16, 30), 1]
[(11, 26, 16, 30), 2]
[(12, 26, 14, 30), 2]
[(12, 26, 12, 30), 3]
[(12, 26, 13, 29), 3]
[(13, 30, 13, 29), 0]
[(11, 30, 12, 29), 3]
[(12, 30, 12, 28), 3]
[(13, 29, 13, 27), 3]
[(13, 29, 14, 26), 3]
[(14, 28, 14, 26), 1]
[(13, 30, 15, 26), 2]
[(13, 30, 14, 26), 3]
[(13, 29, 15, 25), 0]
[(12, 30, 14, 26), 3]
[(13, 29, 19, 26), 2]
[(19, 29, 18, 30), 1]
[(17, 29, 19, 30), 0]
[(16, 30, 18, 30), 0]
[(15, 30, 17, 30), 1]
[(14, 30, 17, 30), 0]
[(17, 30, 16, 30), 3]
[(19, 29, 16, 30), 1]
[(17, 29, 17, 30), 0]
[(16, 30, 16, 30), 0]
[(15, 30, 15, 30), 0]
[(14, 30, 14, 30), 3]
[(15, 30, 14, 30), 0]
[(14, 30, 13, 30), 0]
[(12, 30, 12, 30), 0]
[(11, 30, 11, 30), 3]
[(11, 30, 12, 30), 1]
[(10, 29, 18, 30), 3]
[(11, 29, 19, 30), 0]
[(10, 29, 18, 30), 3]
[(11, 28, 19, 29), 2]
[(12, 29, 18, 28), 2]
[(13, 30, 17, 27), 2]
[(14, 30, 19, 26), 0]
[(13, 30, 18, 26), 0]
[(12, 30, 17, 26), 0]
[(10, 30, 16, 26), 2]
